0
-0.000413342
-5.12E-05
0.000125719
5.08E-05
2.28E-05
4.20E-05
6.04E-05
-3.88E-05
5.26E-05
-3.70E-07
3.14E-05
2.02E-05
6.43E-05
-7.28E-05
-2.91E-05
8.82E-06
5.54E-05
1.10E-05
4.44E-05
-4.04E-05
8.27E-05
0.000104659
1.26E-05
0.000101322
3.23E-05
5.03E-05
0.000135012
7.02E-05
0.000122599
9.39E-05
0.000104934
-6.80E-06
0.00012223
0.000162766
5.28E-05
0.000139436
6.99E-05
0.000134096
-3.94E-05
0.000273757
4.57E-05
0.000230874
-4.30E-06
3.82E-05
0.000175068
0.000104549
9.73E-05
0.000149378
9.85E-05
0.000115898
0.000146516
9.92E-05
9.88E-05
5.64E-05
0.000264329
7.74E-06
-0.000105421
-0.00014539
-0.000161103
-5.25E-05
-6.31E-05
-9.87E-05
-0.000141832
-8.36E-05
-0.000137616
-7.00E-05
-0.000107815
-0.000113274
-0.000107001
-9.54E-05
-0.000122202
-0.000135967
-4.93E-05
-8.90E-05
-0.00014237
-6.12E-05
-0.000106845
-0.000113746
-7.80E-05
-0.000152994
-8.60E-05
-5.55E-06
-0.00015809
-0.000160242
-8.01E-05
-9.71E-05
-0.000102358
-7.71E-05
-3.64E-05
-0.000117331
-0.000125628
-4.63E-05
-0.000185431
-2.25E-05
-7.34E-05
-5.66E-05
-0.000104695
-5.48E-05
-2.87E-05
-5.49E-05
-4.17E-05
6.58E-05
5.02E-06
7.56E-05
2.52E-05
6.69E-06
4.80E-05
3.91E-05
2.18E-05
2.32E-07
4.53E-05
4.67E-05
4.38E-05
-3.22E-05
-2.11E-05
3.61E-05
-5.81E-05
-5.88E-05
-1.92E-05
-2.95E-05
-8.69E-05
-1.27E-05
-0.000124612
-0.000102719
6.55E-06
-0.000145723
-0.000123864
-6.82E-05
-8.07E-05
-3.52E-05
-0.000138949
-8.63E-05
-0.000129024
-7.83E-05
-0.000142619
-8.57E-05
-0.000120786
-0.000110462
-0.000166465
-7.76E-05
-0.000161652
-0.000108928
-0.000171721
-0.000158715
-0.000125821
-0.000221517
-8.15E-05
-0.000139494
-0.000196136
-0.000138974
-0.000149871
-0.000200162
-0.00011304
-0.000181408
-0.000255587
-0.00020917
3.16E-05
-3.33E-05
9.48E-05
0.000179462
0.000133759
0.000203667
0.000202156
0.000196942
0.00013292
0.000133662
0.000183986
0.000205832
0.000130998
0.000105994
0.000163033
0.000157344
0.000192739
0.000123262
0.00020441
0.000139862
0.000110099
0.000125525
0.000107435
0.000178355
0.00010259
0.000222197
0.000103378
6.42E-05
0.00011769
0.000133803
8.42E-05
0.000105896
9.28E-05
6.69E-05
3.33E-05
8.19E-05
-7.69E-06
1.79E-05
-2.79E-05
0.000123959
-4.89E-05
-1.95E-05
-7.60E-05
2.21E-05
-5.43E-05
-3.65E-05
-9.16E-05
5.71E-05
-7.29E-05
-5.57E-05
3.90E-05
-0.000101393
-2.42E-05
-1.42E-05
-6.83E-05
1.44E-05
-2.34E-05
5.36E-05
4.05E-06
1.56E-06
7.51E-05
3.78E-05
4.81E-05
7.79E-05
7.11E-05
0.000103979
9.80E-05
0.000114377
2.22E-05
0.000164676
0.000131478
8.11E-05
3.56E-05
0.000150882
7.22E-05
0.000122132
0.000107655
8.85E-05
0.000149645
0.000133468
7.39E-05
9.96E-05
0.000112247
0.000144533
7.21E-05
0.00012457
0.000172338
4.91E-05
0.000103464
0.000108766
0.000131317
0.000131192
9.30E-05
0.000101573
7.50E-05
0.000244231
0.000134704
4.63E-05
0.000218577
8.68E-05
0.00014716
0.000167625
0.00020182
7.93E-05
0.00034408
4.83E-05
0.000188809
0.000110385
9.42E-05
0.000220347
0.000138957
0.000105933
-1.03E-05
-1.17E-07
3.72E-06
-0.000203956
-0.000137441
-0.000122052
-5.52E-05
-0.000151103
-0.000108024
-0.000120224
-0.000120876
-0.000234674
9.22E-05
-0.000230407
-0.000170173
-0.00010774
-0.000149336
-0.00010535
-9.72E-05
-8.45E-05
-0.000127055
-0.00017979
-6.26E-05
-0.000155703
-0.000104289
-0.000119297
-0.000225518
-6.51E-05
-4.76E-05
-0.000135641
-0.000170522
-5.32E-05
-0.000127256
-0.000103437
-0.000121278
-6.42E-05
-0.000168986
-5.12E-05
-0.000176657
-6.03E-05
-0.000108621
-0.000114368
-0.000215865
-5.85E-05
-0.000145093
-7.70E-05
-7.55E-05
-0.000171399
-0.000188046
-1.98E-05
-9.78E-05
-9.25E-05
-0.000158112
-4.09E-05
-8.39E-05
-7.30E-05
-1.13E-05
-4.98E-05
1.33E-05
-1.88E-05
4.62E-05
1.38E-05
5.81E-05
4.60E-05
0.000148194
2.65E-05
2.19E-06
2.90E-05
1.30E-05
-2.42E-05
8.83E-06
-3.87E-05
-6.83E-05
-4.76E-05
1.62E-05
-0.000260876
-5.46E-05
-7.38E-05
-0.000186657
-0.000108509
-9.28E-05
-9.28E-05
-0.00014675
-7.65E-05
-0.000190495
-6.07E-05
-0.000196679
-0.000104623
-0.000193634
-0.000140417
-0.000140466
-6.75E-05
-0.000154341
-0.000137782
-0.000140334
-0.000146014
-0.000160759
-0.000212718
-0.000141147
-0.000143939
-0.000162383
-0.000153578
-0.000163127
-0.000181964
-0.00017203
-0.000163707
-0.000172618
-0.000169742
-0.000195091
-0.000217931
-0.000168071
-0.000310694
-0.000206794
-0.000225972
-0.000265181
-2.95E-05
3.65E-05
0.000165567
6.86E-05
0.000154495
0.000128496
0.000113841
0.000119068
0.000226682
0.000122386
7.93E-05
0.000274795
0.000179179
0.000133272
0.000219393
0.000205526
0.000157443
0.000257309
0.000190231
0.000309304
0.000102786
0.000273107
0.000222049
0.00022461
0.000137122
0.000229463
0.000203525
0.000129879
0.000257185
0.000173769
0.000135964
0.000227981
0.000121391
0.000215943
0.000104534
0.000154991
0.000159594
0.000104636
9.25E-05
8.61E-05
1.76E-05
0.000110717
1.36E-05
-1.03E-05
-3.26E-05
2.63E-05
-3.61E-06
-5.10E-05
-4.20E-05
-2.13E-06
-8.70E-05
-0.000114832
-0.000173812
-0.000106021
-0.000184306
-9.98E-05
-7.16E-05
-3.17E-05
-4.73E-05
1.02E-05
1.69E-05
4.01E-05
1.90E-05
-3.54E-05
7.61E-05
2.36E-05
1.29E-05
8.63E-05
5.83E-05
3.78E-05
7.91E-05
0.000121358
7.99E-05
9.46E-05
5.33E-05
0.000114703
9.70E-05
0.000133756
9.73E-05
7.90E-05
0.000121404
0.000119031
0.000108548
0.000144183
0.000102969
0.000120219
0.000145295
0.000164797
-1.29E-05
0.000225168
-2.83E-05
0.000227992
9.22E-05
9.56E-05
0.000188305
0.000145165
0.000201751
8.78E-05
0.000233134
0.000112498
0.000148208
0.000139337
7.46E-05
0.000177199
0.000226331
0.000128372
0.000145729
0.00013941
0.000129944
0.000236083
0.000147463
0.000211485
0.000139765
0.000143964
0.000210124
0.000195428
0.000156836
0.000204686
0.000156156
-0.000132835
-0.000210594
-0.000137941
-0.000144723
-6.60E-05
-0.000162529
-9.10E-05
-0.000161905
-5.76E-05
-0.0002352
-0.000120682
-0.000176342
-0.000130016
-0.000209747
-7.29E-05
-0.000163373
-0.000178117
-6.68E-05
-0.000259631
-9.02E-05
-0.000229907
-0.000113935
-0.000125032
-0.000136656
-0.000111275
-0.000138637
-0.000281775
-3.44E-05
-0.000155413
-0.000147421
-0.000142678
-6.84E-05
-0.000227628
-0.000129977
-0.000228984
-1.71E-05
-0.000144202
-0.000114138
-0.000139298
-0.00021512
-5.48E-05
-4.83E-05
-0.000151369
-0.000183056
-0.000122941
-0.000118428
-9.48E-05
-0.000103991
-0.000115108
-0.000140311
-5.36E-05
-0.00015505
-4.02E-05
-5.02E-05
-8.80E-05
-5.91E-05
-3.09E-05
-9.96E-05
-5.56E-05
-1.86E-05
-6.89E-05
-6.32E-06
3.92E-06
7.18E-05
-4.47E-05
0.000123083
1.18E-07
-1.26E-05
-4.07E-05
-8.97E-05
-2.72E-05
-0.000178168
-9.79E-05
-0.000155325
-0.00024569
-0.000159343
-0.000173393
-0.000232614
-0.000220032
-0.000265505
-0.000248499
-0.000270383
-0.000309341
-0.000304019
-0.000246011
-0.000107838
-0.000200436
-0.000163201
-0.000188303
-0.000183333
-0.000194934
-0.00011776
-0.00016799
-0.000169721
-0.000179614
-0.000193736
-0.000166647
-0.000184633
-0.000154698
-0.000128618
0.000153217
0.000139764
0.000179918
0.000148683
0.000200895
0.000161857
0.000133225
0.000253811
0.00014812
0.000328891
0.00041274
0.000338841
0.00039134
0.000382088
0.000334793
0.000285746
0.000357003
0.000324282
0.000300247
0.000270763
0.000312542
0.000171577
0.000365249
0.000154114
0.000218749
8.30E-05
0.000113395
5.45E-05
-5.15E-05
-1.81E-05
2.92E-05
-5.36E-05
-6.09E-05
1.07E-05
1.00E-05
-3.87E-05
-0.000241396
-0.000153942
1.51E-06
1.55E-05
1.11E-05
9.24E-06
3.16E-05
1.47E-06
3.34E-05
6.04E-05
0.000156935
2.47E-05
9.85E-05
9.92E-05
8.04E-05
0.000141325
9.89E-05
0.000170203
4.73E-05
0.000154805
0.000125776
0.000132591
0.000151828
0.000127876
0.00016266
0.00015718
0.000140598
0.000186004
0.000144743
0.000238198
0.00012869
0.000180244
7.01E-05
0.000231304
0.000154535
0.000156961
0.000152748
0.000201736
0.000192488
0.000190337
0.000134498
0.000238025
0.00020902
0.000223335
0.000192582
0.000185514
0.000236244
0.00017644
0.000180694
0.000199013
0.000177078
0.000189544
0.000265872
0.0002226
0.000280087
0.000185921
0.000222822
0.000286114
0.000258437
0.000193492
0.000352773
0.000212472
0.000333341
0.000218761
0.000365315
0.000287547
0.000283012
0.000377222
0.000345232
0.000401187
0.000502884
0.000519777
0.00054828
0.00030486
0.000285022
0.000413411
0.000308967
0.000320979
0.000345737
0.000350387
0.000399304
0.000320529
0.000277364
0.000315045
0.000372694
0.000263918
0.000344148
0.000362857
0.000177259
0.000322637
0.000207732
-2.01E-05
5.69E-05
3.03E-06
0.00024247
0.000115442
-4.26E-05
9.03E-06
-0.000191378
-0.000274677
-0.000192845
-0.000257255
-0.000271038
-0.00040508
-0.000442175
-0.000487982
-0.000436021
-0.00043896
-0.000448445
-0.000434794
-0.000430374
-0.000441371
-0.000418999
-0.000464657
-0.000412604
-0.000345821
-0.000407287
-0.000418603
-0.000361689
-0.00043182
-0.000466504
-0.000322946
-0.000326092
-0.000381643
-0.000417533
-0.000286717
-0.000419337
-0.000357172
-0.000354259
-0.0003075
-0.000341764
-0.000306278
-0.000356137
-0.000315425
-0.000338482
-0.000332774
-0.0002972
-0.000329851
-0.000246624
-0.00029112
-0.000221103
-0.000202992
-8.09E-05
-6.24E-05
-2.27E-05
-8.65E-05
-0.000161288
-0.000144709
-0.000307114
-0.000395357
-0.000400431
-0.000387245
-0.000437975
-0.000394526
-0.000484914
-0.000533729
-0.000583795
-0.000398902
-0.000450266
-0.000527914
-0.000504255
-0.000473849
-0.000491527
-0.00024534
-0.000241426
-0.000231717
-0.000203804
-0.000248079
-0.000274505
-0.000280519
-0.000207645
-0.00039829
-0.000358215
-0.000308302
-0.000385273
-0.000357644
-0.000383509
-0.000457758
-0.000344336
-0.000870541
-0.000569192
-0.000276085
-0.000443965
-0.000320937
-0.000373655
-0.000365109
-0.000393834
-0.000344355
-0.000382337
-0.000325654
-0.000317028
-0.000240938
-0.000385058
-0.000390301
-0.000402047
-0.00036649
-0.000247756
-0.000354986
-0.000331628
-0.000390897
-0.000340553
-0.000276134
-0.000518476
9.10E-05
-0.000375852
-0.000361451
-3.10E-05
-0.000116367
1.64E-05
-1.18E-05
-6.90E-05
6.31E-06
0.000311795
0.00035173
0.000421834
0.000318396
0.000296623
0.000303352
0.000253736
0.000299214
0.000230936
0.000395939
0.000210701
0.00033565
0.000299023
0.000254973
0.00035214
0.000232661
0.000270785
0.000362009
0.000348682
0.0002927
0.000212736
0.000315938
0.000300315
0.000336575
0.000248781
0.000403858
0.00029009
0.00036644
0.000224811
0.000336003
0.000322265
0.000283705
0.000311404
0.000295404
0.000261591
0.000310381
0.000256878
0.000294501
0.000239451
0.000258599
0.00025733
0.000277898
0.000252235
0.000306941
0.00024526
0.000236844
0.000164428
0.00027232
0.000159598
0.000131382
0.000169213
0.000193507
0.00018644
0.000182576
0.000143599
8.75E-05
5.31E-05
0.000166399
0.000110858
7.50E-05
-1.91E-06
7.81E-05
-4.41E-05
-0.00010248
-3.66E-05
3.65E-05
5.31E-05
0.000208127
9.17E-05
8.41E-05
0.000134893
0.00017885
0.000131151
0.000125237
0.000130663
0.000317823
7.06E-05
0.000254512
0.000109986
0.000245584
0.000186959
0.000200816
0.000232261
0.000246588
0.000221974
0.000300775
0.000188249
0.000273122
0.000311452
0.000283254
0.000255548
0.00022138
0.000363076
0.000184175
0.000261905
0.000244818
0.000206899
0.00029824
0.000197419
0.000181692
0.000162676
0.000299212
0.00025456
0.000276253
0.000268267
0.000226461
0.000268626
0.000207727
0.000233797
0.000229135
0.000335386
0.000270796
0.000330539
0.000273613
0.000259571
0.000332024
0.000313466
0.000275565
0.000267731
0.000348616
0.0002813
0.000315756
0.000310915
0.000217855
0.000258544
0.000311722
0.000360269
0.000293135
0.000202257
0.000343097
0.000185186
0.00030344
0.000302123
0.000265105
0.000865371
0.000245265
0.000247761
0.000180791
0.000317257
0.000330271
0.000334385
0.000299666
0.000255856
0.000354809
0.000244189
0.000371248
0.000338805
0.000284652
0.000327635
0.000300714
0.00032515
3.22E-05
0.000305671
0.000257438
0.000404341
0.000274522
0.000344668
0.000315904
0.00019148
-0.000221584
-0.000275818
-0.000151725
-0.00029465
-0.000212949
-0.000275377
-0.000410863
-0.000199541
-0.000345593
-0.000195277
-0.000270371
-0.000305978
-0.000321194
-0.000237762
-0.000303454
-0.000314999
-0.000353901
-0.000162308
-0.000331232
-0.000341236
-0.000265767
-0.000373315
-0.000215066
-0.000349278
-0.000219432
-0.000362805
-0.000309836
-0.000286484
-0.000240897
-0.000293361
-0.000317201
-0.000256804
-0.00031592
-0.000336947
-0.000238237
-0.000327942
-0.000250885
-0.000321165
-0.000274975
-0.000293005
-0.000270742
-0.000249179
-0.000271896
-0.000302858
-0.000350821
-0.000326604
-0.000322233
-0.000315102
-0.000296106
-0.000273998
-0.000237258
-0.000289866
-0.000306104
-0.00039921
-0.000128392
-0.000263706
-0.000291777
-0.000291557
-0.000290233
-0.000224878
-0.000248311
-0.000307007
-0.000221659
-0.000246617
-0.000203859
-0.000271734
-0.000191932
-0.000250964
-0.000207433
-0.000196784
-7.40E-05
-0.000120403
-7.23E-05
-0.000132204
-8.52E-05
-0.000152405
-0.000194321
-0.000164771
-0.0001816
-0.000289507
-0.000193164
-0.000320593
-0.000317672
-0.00030685
-0.000389812
-0.000319959
-0.000438324
-0.000343741
-0.000413285
-0.000363546
-0.000423099
-0.000424639
-0.00044628
-0.000392762
-0.000422069
-0.000385284
-0.000439925
-0.000498059
-0.000496627
-0.000515668
-0.000427658
-0.000514807
-0.0004679
-0.000488537
-0.000342931
-0.000261838
-0.00040537
-0.000294175
-0.000289956
-0.000286509
-0.000283265
-0.000366273
-0.000326483
-0.000397741
-0.00031515
-0.000323851
-0.000318464
-0.000270436
-0.000340547
-0.000288637
-0.000326829
-0.000110274
-0.000344276
-0.000442895
-0.000110428
-0.000420331
-0.000275004
-0.000313482
-0.000327698
-0.000354756
-0.000321486
-0.000261274
-0.000380624
-0.000309476
-0.000224977
-0.000273872
-0.000402292
-0.000298298
-0.000388691
-1.00E-04
0.000200027
0.000257496
0.000276162
0.000177387
0.000411424
0.00018002
0.000290884
0.000416365
7.15E-05
0.000360995
0.000325083
0.00017979
0.000350282
0.000395353
0.000364026
0.000334337
0.000386157
0.000409781
0.000367804
0.000445052
0.000277459
0.000423912
0.000409208
0.000314006
0.000395732
0.000348241
0.000402493
0.000330119
0.000395812
0.000387203
0.000279632
0.000499546
0.000312566
0.000341308
0.000385653
0.000351648
0.000357324
0.000337473
0.000276085
0.000426003
0.000310683
0.000324178
0.000351039
0.000286298
0.000273991
0.000262885
0.000259734
0.000277966
0.000222554
0.000209487
0.000226903
0.00015354
0.000191671
0.000140227
0.000130337
4.43E-05
5.50E-05
0.000123471
9.10E-05
7.55E-05
-3.60E-05
-1.34E-05
1.17E-05
8.37E-05
2.85E-05
0.00018025
0.000187236
8.54E-05
0.000167692
0.000181277
9.67E-05
0.000157106
0.000223547
0.000213572
0.00018653
0.000207265
0.000257007
0.000146786
0.000262168
0.000216677
0.000184428
0.000305958
0.000274607
0.000267626
0.000275851
0.000314215
0.000269099
0.000298267
0.000306129
0.000244489
0.000280965
0.000298751
0.000171531
0.000305885
0.000330733
0.000307819
0.000181933
0.000348964
0.000295757
0.000356354
0.000298902
0.000229318
0.00030256
0.000270393
0.000330633
0.000235906
0.00035074
0.000272288
0.000358602
0.000245438
0.000326261
0.000357243
0.000268132
0.00027011
0.00034989
0.000331787
0.000348278
0.000368517
0.000372273
0.000300235
0.000320737
0.000383949
0.000217551
0.00050276
0.00030479
0.000363837
0.000284772
0.00034096
0.000405919
0.000340454
0.000371277
0.000398234
0.000257348
0.000349685
0.000385414
0.000381491
0.000311563
0.000419255
0.000335893
0.000407443
0.000308564
0.00030074
0.000348416
0.000338553
0.000346407
0.000353608
0.000257646
0.000430005
0.000214057
0.000366547
0.000277724
0.000442923
0.00035549
-1.88E-05
0.000120717
0.000232592
0.000425621
0.000224994
0.00010888
0.000452224
0.000449337
0.000117213
0.000359192
0.000211001
0.000193318
0.000516228
0.000258738
0.00015124
0.000426342
0.000395749
0.000274921
0.000385695
0.00018159
0.000432037
0.00035833
0.000364478
0.000179434
0.00051321
0.000268779
0.000271385
0.000288778
0.000211463
-2.37E-06
0.000491425
0.000347252
0.000417157
0.000217799
-0.000146856
0.000389804
-9.92E-05
-0.000197998
-0.000326184
-0.000305584
-0.000206539
-0.000411858
-0.000176314
-0.000547054
-5.16E-05
-0.000283078
-0.000428737
-0.000288522
-0.000273619
-0.000316581
-0.000311031
-0.000165538
-0.000340226
-0.000263368
-0.000553086
-0.000168323
-0.000294626
-0.000316435
-0.000359286
-0.000278757
-0.000247103
-0.000454105
-8.28E-05
-0.000871203
-0.000426864
-0.000265086
-0.0003312
-0.000335503
-0.000363838
-0.000364381
-0.000355269
-0.00042525
-0.00033333
-0.000436727
-0.000369123
-0.00036182
-0.000411228
-0.000338429
-0.000401266
-0.000367252
-0.000343254
-0.000344131
-0.00038956
-0.0003126
-0.000415886
-0.000375392
-0.000360527
-0.000388569
-0.000337553
-0.000385418
-0.000378081
-0.000357729
-0.000390212
-0.000397851
-0.000441273
-0.000314134
-0.000407265
-0.000415627
-0.000370842
-0.000386455
-0.000391833
-0.0004488
-0.000310562
-0.000385702
-0.000367779
-0.000385623
-0.000255722
-0.000348714
-0.000252078
-0.000270222
-0.000188628
-0.000213737
-0.000295464
-0.000330473
-0.000270269
-0.000364243
-0.000329865
-0.000388222
-0.000360455
-0.000433988
-0.00041638
-0.000475171
-0.000466257
-0.000598288
-0.000468714
-0.00049001
-0.000539623
-0.000458719
-0.000629021
-0.000484217
-0.000531452
-0.000583516
-0.00056421
-0.000596553
-0.000578752
-0.000519168
-0.000589448
-0.000637343
-0.000530315
-0.000640574
-0.000603005
-0.000615574
-0.000613268
-0.000539696
-0.000656116
-0.000641816
-0.000631223
-0.000560127
-0.000621714
-0.000644927
-0.00063506
-0.000519592
-0.000532277
-0.000297038
-0.000475539
-0.000389091
-0.000389759
-0.000297678
-0.000405937
-0.000369558
-0.000399
-0.000379373
-0.0004483
-0.000330041
-0.000408634
-0.000418611
-0.000399443
-0.00040228
-0.000362986
-0.000541027
-0.000416173
-0.000384948
-0.000422773
-0.000445161
-0.00041629
-0.000448103
-0.000360947
-0.000311125
-0.000456973
-0.000193749
-0.000214804
-0.000460505
-0.000405347
-0.000365448
-0.00039041
-0.000321805
-0.000178166
-0.000462313
-0.000214671
-0.000279856
-0.000466219
-0.000393429
-0.000340355
-0.000445459
-0.000310512
-0.000421791
-0.000186656
-0.000345987
-9.56E-05
-0.000367227
-0.000410146
6.68E-06
-0.000327118
0.000114817
-0.000193864
0.000165251
-5.27E-05
0.000907305
0.000789571
0.00062485
0.000849923
0.000580928
0.000438482
0.000615207
0.000634361
0.000745995
0.000741497
0.000374001
0.00084259
0.000371223
0.000574749
0.000612367
0.000626515
0.000631087
0.000571779
0.000537028
0.000501038
0.000591438
0.000576077
0.000556568
0.000597311
0.000523514
0.000519517
0.000612442
0.000500036
0.000489679
0.000521791
0.000327942
0.00034408
0.000418498
0.000436592
0.000308832
0.00040087
0.000217657
0.000304512
0.000274342
0.000134108
0.000190955
0.000138798
0.000121897
5.58E-05
0.00028916
0.000336609
0.000281556
0.000365389
0.000324468
0.000389843
0.00030309
0.000366838
0.000291736
0.000387634
0.000420447
0.000352192
0.00033785
0.000298568
0.000390493
0.000378073
0.000412309
0.000255384
0.000276812
0.000552434
0.000372644
0.000383775
0.000308315
0.000436209
0.000424617
0.000396089
0.000409916
0.000381234
0.000423166
0.000379839
0.000398085
0.000406522
0.000402915
0.000461025
0.000423587
0.000466917
0.00043351
0.000409002
0.000454472
0.000485839
0.00041998
0.000490486
0.000388065
0.000467785
0.000438236
0.000558273
0.000425603
0.000490391
0.000378322
0.000498916
0.00052585
0.000451179
0.000507174
0.000464661
0.000515199
0.000438545
0.000490551
0.000568676
0.000478519
0.000494567
0.000527712
0.000509751
0.000464516
0.000421838
0.000556644
0.00055454
0.000560234
0.000497918
0.000456287
0.000577041
0.000472853
0.000590977
0.000483554
0.000614133
0.000544837
0.000551566
0.000472687
0.000412024
0.00035609
0.000130524
0.000384589
0.000480794
0.000245803
0.000413964
0.000373448
0.000283573
0.000173469
0.000487318
0.000454843
0.000110413
0.000526447
0.000366574
0.000387736
0.00037895
0.00018291
0.000449935
0.000387257
0.000116943
0.000350432
0.000250035
0.000129293
0.000456106
9.80E-05
0.000264947
0.000391111
0.000267562
0.00017742
-0.000960898
-0.000650938
-0.000641011
-0.000671722
-0.000925421
-0.000466164
-0.000803328
-0.000668059
-0.000757544
-0.000386671
-0.000707745
-0.000661055
-0.000858034
-0.0005461
-0.000729897
-0.000590649
-0.000707708
-0.000530832
-0.000729102
-0.000589165
-0.00069116
-0.000594867
-0.000603241
-0.000647481
-0.000537942
-0.000694307
-0.000600273
-0.000612073
-0.000601951
-0.002886977
-0.000614947
-0.000671657
-0.000661219
-0.000589264
-0.000617476
-0.00047934
-0.000534249
-0.000404143
-0.000472234
-0.00058061
-0.000545526
-0.000742651
-0.000667591
-0.000648913
-0.000976904
-0.001280599
-0.001409074
-0.001290906
-0.001505587
-0.001429468
-0.001435201
-0.001464836
-0.001576712
-0.001644699
-0.001520774
-0.001516692
-0.001516903
-0.001414915
-0.00162781
-0.001607014
-0.001617281
-0.001723953
-0.001015482
-0.000331234
-0.000587365
-0.00037159
-0.000452387
-0.000522205
-0.000418014
-0.000329726
-0.000490797
-0.000397072
-0.000560461
-0.000341965
-0.000567201
-0.000443838
-0.000166767
-0.000579362
-0.000407613
-0.000364557
7.94E-06
0.000547755
0.000370522
0.000712839
0.000654209
0.000843916
0.000644149
0.000547884
0.00069979
0.000600694
0.000420605
0.000860954
0.000659226
0.000523637
0.000584567
0.000562257
0.000660849
0.000498037
0.000608531
0.000860207
0.000974121
0.000983653
0.000873599
0.000863226
0.000928923
0.00065424
0.000834384
0.000727621
0.000604367
0.000574027
0.00049626
0.000353729
0.000326321
0.000169496
0.000455258
0.00057641
0.000557792
0.000589229
0.000557659
0.000607357
0.000647775
0.000575029
0.000572843
0.000653531
0.000646042
0.000566156
0.000667781
0.000642842
0.000637403
0.000636292
0.000666102
0.000683627
0.000698201
0.000759466
0.000609026
0.000815112
0.000768191
0.000713236
0.000838499
0.000727983
0.000833911
0.000752549
0.000808359
0.000837828
0.000772487
0.000779635
0.000831787
0.000818685
0.000816597
0.000902487
0.000785298
0.000912865
0.00076892
0.000916935
0.000881162
0.00078358
0.000930361
0.0008918
0.000867909
0.000939585
0.000803286
0.000915707
0.001218502
0.000986797
0.001100156
0.000788468
0.001285714
0.000930001
0.001123886
0.001307421
0.001253454
0.001209593
0.000736238
0.000289964
0.000546908
0.000319862
0.000393161
0.000339571
0.000449016
0.000278916
0.000402272
0.000526065
0.000189088
0.00051728
0.00035456
0.000203885
0.000286431
0.000602899
0.000522535
0.000297946
0.000542513
0.000220522
0.000379007
0.000272391
0.000430309
0.000387907
-9.94E-05
0.000425216
0.000313433
4.42E-05
4.69E-05
-8.84E-06
-3.94E-05
-0.000408192
-0.000377615
-0.00019627
-0.000349366
-0.00022878
-0.00015642
-0.000390514
-0.000382415
-0.000176825
-0.000737453
-0.000623737
-0.000831969
-0.00100644
-0.001087214
-0.001006505
-0.00099155
-0.001188713
-0.001155479
-0.000959999
-0.001075295
-0.000838098
-0.001183688
-0.00097468
-0.000867451
-0.001157651
-0.001253809
-0.00107353
-0.001003189
-0.000726162
-0.000776652
-0.000682309
-0.000813811
-0.000700904
-0.000722084
-0.000773734
-0.000527119
-0.000661587
-0.000563333
-0.000729059
-0.000671898
-0.000667214
-0.000756148
-0.000828465
-0.000827518
-0.000895252
-0.000841394
-0.000957356
-0.000968297
-0.001007189
-0.000983153
-0.001067325
-0.001028138
-0.000939424
-0.001056683
-0.000923425
-0.001033793
-0.000942198
-0.001010514
-0.001071859
-0.001080727
-0.001003473
-0.001120178
-0.001050172
-0.00106473
-0.001030337
-0.000763495
-0.000897445
-0.000828709
-0.000806576
-0.000868917
-0.000749193
-0.000936577
-0.000729383
-0.00089215
-0.00075501
-0.000840022
-0.000796386
-0.000856691
-0.000688265
-0.000832682
-0.000768385
-0.000852565
-0.000720089
-0.00093542
-0.000985887
-0.00070682
-0.000848502
-0.000766204
-0.000901968
-0.000977937
-0.00077338
-0.000962678
-0.000646435
-0.000685821
-0.000189437
-0.000459159
-0.000404268
-0.000411196
-0.000225751
-0.000536524
-0.000361456
-0.000335231
-0.000426855
-4.10E-05
-0.000599823
-0.000440822
-0.000443925
-0.00028177
-0.000404539
-0.000196121
-0.000287162
-0.00036421
-0.000364096
-0.000417667
-0.000434084
-0.000199057
-0.000453604
-0.000194131
-0.000373641
-0.000442145
-0.00051383
-8.96E-05
-0.000631499
-0.000278752
-0.000216932
-0.000342265
-0.000411277
-0.000275247
-0.000506387
-0.000186314
-0.000316062
0.000198543
0.000287383
0.000694802
0.00053003
0.000803712
0.000979428
0.000507892
0.000918042
0.000693742
0.000937831
0.000760713
0.000790218
0.000884229
0.000815113
0.000833142
0.000623027
0.000834362
0.000668288
0.000812764
0.000473229
0.000650576
0.000716949
0.000769225
0.000481351
0.002325507
0.000301603
0.000460662
0.000442976
0.000309594
0.000315536
0.000258248
0.000293101
0.000298567
0.000124713
0.000620225
0.000342691
0.000521821
0.000513002
0.000459642
0.000556268
0.000544537
0.000465404
0.000676956
0.000471246
0.000627214
0.000624854
0.00050947
0.000631214
0.000370763
0.000610995
0.000606866
0.00032137
0.000623619
0.000670462
0.000552002
0.000692571
0.000566092
0.000303607
7.64E-05
0.000359553
0.000500171
0.00060841
0.000550322
0.000671403
0.001582372
0.000641266
0.000615809
0.000684663
0.000599205
0.000687368
0.000668111
0.00062244
0.000657536
0.000622329
0.00073815
0.000639104
0.000678915
0.000715293
0.000672302
0.000649564
0.000678388
0.000744212
0.000698052
0.000673405
0.000692667
0.000719496
0.0006762
0.000649473
0.000802726
0.00068065
0.000657605
0.000787265
0.000647148
0.000670798
0.000773644
0.000687896
0.000657993
0.000796202
0.000693523
0.000756919
0.000670761
0.000722803
0.000724446
0.000698855
0.000775166
0.000656838
0.000759612
0.000638971
0.001052211
0.000743282
0.000942726
0.000326013
0.000783639
0.001011061
0.00055849
0.000944868
0.000908507
0.000783759
0.00087207
0.000763804
0.000811146
0.000730864
0.001098658
0.000737306
0.000638667
0.000816459
0.000983142
0.001055095
0.000579123
0.000890567
9.18E-05
0.000615434
0.00086663
0.000767721
0.000423304
0.000284091
0.000439123
9.00E-05
0.000497792
0.000311586
5.08E-05
-0.000623179
-0.000360605
-0.000427014
-0.000540813
-0.000626783
-8.51E-05
-0.000567404
-0.000174106
-0.000549919
-0.00077526
-0.000316871
-0.000495011
-0.000486851
-0.000704567
-0.000530431
-0.000369799
-0.000405838
-0.000680709
-0.000647342
-0.000300242
-0.000601447
-0.000455565
-0.000608047
-0.000612796
-0.00018635
-0.000606873
-0.00051624
-0.000698709
-0.000259656
-0.00059483
-0.000466081
-0.000418533
-0.000690433
-0.000555059
-0.000408437
-0.000608509
-0.000470923
-0.000879435
-0.000503062
-0.000497349
-0.000619436
-0.000601487
-0.00049876
-0.000565349
-0.000562696
-0.000561324
-0.000666897
-0.000502836
-0.000704622
-0.000520982
-0.000403221
-0.000522624
-0.000520164
-0.000409428
-0.000529839
-0.000621871
-0.000554388
-0.000548196
-0.000459262
-0.000624148
-0.000593937
-0.000626956
-0.000604833
-0.000693906
-0.000666803
-0.000738006
-0.00068754
-0.000757755
-0.000788988
-0.000784515
-0.00075972
-0.000728329
-0.000788349
-0.000849982
-0.000705817
-0.000836199
-0.00073156
-0.000814325
-0.00079418
-0.000758945
-0.000849562
-0.00079341
-0.000763563
-0.000820829
-0.000861291
-0.000841078
-0.000827812
-0.000868784
-0.000842428
-0.000880116
-0.000780859
-0.000828652
-0.000834461
-0.00091003
-0.000871955
-0.000799859
-0.000898872
-0.000738933
-0.000853302
-0.000808416
-0.00084313
-0.000784692
-0.000866851
-0.000795726
-0.000784283
-0.000797361
-0.000913327
-0.000752698
-0.000811806
-0.000768498
-0.00097909
-0.00101762
-0.000486373
-0.001156639
-0.00074499
-0.000848263
-0.000868028
-0.000677059
-0.001101433
-0.000640119
-0.001100817
-0.000764053
-0.001133622
-0.000654037
-0.001206218
-0.000878929
-0.000874236
-0.000661154
-0.000385963
-0.000171371
-0.000552291
-0.000188251
-0.000502371
-0.000119318
-0.000150535
-0.000585128
-0.000336742
-0.000302303
-0.000465494
-0.000364745
-0.000320642
-0.000223618
-0.000214456
-0.000347818
0.000651306
0.000560606
0.000504349
0.000286039
0.000545082
0.000599726
0.000582816
0.000791631
0.000914534
0.000770663
0.000817028
0.000655623
0.000966965
0.00064039
0.000885795
0.000740164
0.000711722
0.00070749
0.000700294
0.000920697
0.000373203
0.000933614
0.000459986
0.000455233
0.000720235
0.000571568
0.000498115
0.000570451
0.000511755
0.000450664
0.000415977
0.000182046
0.000407203
0.000245668
0.000194996
0.000514844
0.00047975
0.000533149
0.000489422
0.000567314
0.00042355
0.000573576
0.000512963
0.000590965
0.000603451
0.000487092
0.000630644
0.000544134
0.000524722
0.00066738
0.000227242
0.000589551
0.000487228
0.000471901
0.000692515
0.000585957
0.000574525
0.00068375
0.000655107
0.000575924
0.000607521
0.000635897
0.000615078
0.000646372
0.000650834
0.000629944
0.000691066
0.00063439
0.000698377
0.000674477
0.000719477
0.000699227
0.000675931
0.000658417
0.000606721
0.000697003
0.000757006
0.000675094
0.000740007
0.000705177
0.000759487
0.000717374
0.000673762
0.000680387
0.000723219
0.000755373
0.000721406
0.000715205
0.000795949
0.0007609
0.00066599
0.000781199
0.000694346
0.000749569
0.00071784
0.000720889
0.000834276
0.000689349
0.000651159
0.000857427
0.0006671
0.000742421
0.000792466
0.00070058
0.000818609
0.000797155
0.000762456
0.000786059
0.000741865
0.000964601
0.000705142
0.000668853
0.000935429
0.000676948
0.00068945
0.000847665
0.000872605
0.000855737
0.000611478
0.000841317
0.000897249
0.00097729
0.00084118
0.000830985
0.000621923
0.000914047
0.001155455
0.000729079
0.000815095
0.000824093
0.001022603
0.000979799
0.000742758
0.001192369
0.00094012
0.001022588
0.001117559
0.000870406
0.000804779
0.00053163
0.000704179
0.000692556
0.000676051
0.000706142
0.000374945
0.000375252
0.000520967
0.000446011
0.000232465
0.000436951
0.000242703
0.00039816
0.000176926
0.000263148
0.000239914
0.000485556
0.000395498
0.000334272
0.000547151
0.000317512
0.000455465
0.000325871
0.000432096
-0.000253965
-0.000462567
-0.000712017
-0.000486592
-0.000239277
-0.000640976
-0.000739006
-0.000269947
-0.000356699
-0.000654955
-0.000692221
-0.000273491
-0.000532877
-0.000979766
-0.001014767
-0.000966798
-0.001143787
-0.001042643
-0.00097654
-0.001284105
-0.001223166
-0.000873172
-0.001267059
-0.00096258
-0.001058921
-0.001442354
-0.001118926
-0.00146011
-0.001088725
-0.001134088
-0.000967879
-0.001038482
-0.001068081
-0.001316219
-0.001153439
-0.001288457
-0.001318095
-0.001348358
-0.001475548
-0.001459369
-0.00152175
-0.001629739
-0.001541548
-0.001689203
-0.001594244
-0.001698039
-0.001710491
-0.001509649
-0.001765611
-0.001690736
-0.001704443
-0.001730938
-0.001768004
-0.001724056
-0.001753525
-0.001737168
-0.001747635
-0.001846257
-0.001744461
-0.001761794
-0.001704013
-0.001799447
-0.0017854
-0.001622283
-0.00154773
-0.001747938
-0.001581615
-0.001659172
-0.001860877
-0.001754059
-0.001689664
-0.001534682
-0.001750025
-0.002054518
-0.001889328
-0.001629197
-0.001892937
-0.001345601
-0.000524034
-0.000303014
-0.000359458
-0.000228745
-0.000457675
-0.00039316
-0.000324549
-0.000329756
-0.000151773
-0.000430279
-0.000130134
-0.000562211
-0.00029673
-0.000714772
-0.000358327
-0.000376093
-0.000265083
-0.000533691
-0.000214644
-0.000711807
-0.000326196
-0.000404643
6.01E-06
-0.000376635
-0.000517842
-0.000258341
-0.000205856
-0.000214588
-0.000284494
-0.00038224
-0.000282956
-0.000402165
-0.000415967
-0.000210682
-0.00039793
-0.000289315
-0.000231629
-0.00033388
-0.000374369
-0.000334692
-0.00040796
-0.000363913
-0.000280636
-0.000393969
-0.000395131
-0.000391543
-0.000133957
-0.00018709
-0.000349249
0.000502761
0.001265452
0.001215381
0.000953996
0.000976738
0.000795337
0.001055811
0.001121398
0.000849513
0.000645018
0.000626924
0.000923527
0.000720715
0.000940689
0.000664076
0.000649264
0.000794569
0.00067334
0.000312917
0.000598104
0.000336282
0.0003037
0.000737124
0.000534351
0.00090388
0.000422969
0.000727278
0.000927461
0.00056575
0.001019095
0.000505918
0.000684628
0.000606423
0.000387681
0.000566764
0.000628935
0.001043206
0.001197364
0.001131316
0.001176071
0.001205291
0.001293391
0.001284739
0.001385143
0.001502852
0.001560713
0.001413413
0.00154867
0.0015487
0.001603754
0.001658295
0.001566166
0.001635408
0.001567976
0.001673439
0.001611629
0.001581414
0.001581818
0.001684131
0.001672113
0.00162141
0.00164811
0.001656284
0.001680233
0.001556095
0.001709061
0.001633893
0.001631546
0.001711549
0.001712998
0.00164352
0.001747396
0.001628317
0.001869011
0.001631767
0.001558725
0.001867276
0.001890953
0.001626374
0.001907626
0.001888273
0.001799166
0.001875944
0.001639185
0.002269722
0.001772038
0.001952777
0.001923799
0.00143849
0.000748663
0.000898324
0.000744599
0.000755046
0.000390583
0.000665589
0.000622313
0.000607225
0.000492426
0.000528644
0.000465027
0.000656147
8.99E-05
0.000501967
-0.000166715
-0.000375674
-0.000289939
-0.000676427
-6.82E-05
-0.00080379
-0.00098454
-0.001254671
-0.000934135
-0.001091262
-0.001146476
-0.000820153
-0.001483608
-0.000701576
-0.00122839
-0.001372873
-0.000951068
-0.001122719
-0.001363545
-0.001213497
-0.000900968
-0.001548272
-0.001040256
-0.001033712
-0.001222082
-0.001225839
-0.00142266
-0.002436108
-0.002468875
-0.001437947
-0.001537612
-0.001533422
-0.001558956
-0.001511719
-0.001543911
-0.001662817
-0.001726549
-0.001764202
-0.001785432
-0.001653322
-0.001650649
-0.001714947
-0.00168915
-0.001782923
-0.001704739
-0.001736729
-0.001799072
-0.001822768
-0.001754667
-0.001697555
-0.001823683
-0.001854579
-0.001885711
-0.001754249
-0.001742282
-0.001781508
-0.00174284
-0.001747808
-0.001652307
-0.00185661
-0.001526738
-0.001640783
-0.002000294
-0.001614673
-0.001957089
-0.001444248
-0.001776178
-0.001950919
-0.001790919
-0.001781057
-0.00162799
-0.00169427
-0.001693118
-0.001551341
-0.001501663
-0.001985755
-0.001497507
-0.001688242
-0.001870565
-0.001529322
-0.000283578
-0.000232436
-0.000119043
-0.000570553
-0.00033347
-0.000388801
0.000299026
0.001669453
0.00159269
0.001250322
0.00151189
0.001137977
0.001103148
0.001118188
0.00110379
0.001019864
0.000649202
0.000500374
0.000574029
0.000790912
0.001026527
0.001028897
0.000912714
0.001285828
0.001330822
0.000164443
0.000611769
0.00097605
0.001140092
0.001169122
0.001191629
0.001108878
0.001136752
0.001207483
0.001234989
0.001360281
0.001347826
0.001330596
0.001465377
0.001463857
0.000813954
0.001107011
0.000696607
0.00039794
0.000318506
0.000335629
0.000283318
0.000392113
0.000419683
0.000346892
0.000340374
0.000295843
0.000384955
0.000365479
0.000138962
0.000401572
0.000323348
0.000804835
0.000512513
0.001375855
0.001533337
0.001650452
0.001530842
0.001748693
0.001619678
0.001572174
0.001622743
0.00168911
0.001609057
0.00176559
0.001735001
0.001828722
0.001675881
0.001730713
0.001749005
0.001742491
0.001716303
0.001799063
0.001736091
0.001771362
0.001822489
0.001692501
0.002054114
0.001578079
0.002049705
0.001962343
0.001954781
0.001925594
0.001890463
0.001740328
0.002336861
0.001573103
0.002035666
0.001719721
0.000471686
0.000785585
0.00062895
0.000593911
0.000389881
0.000763363
0.000564718
0.000579833
0.000599155
0.000658094
0.00056528
0.000502644
0.000680529
0.000706744
0.000542683
0.000608593
0.00057229
0.00060036
0.000614859
0.000710311
0.000421378
0.00044763
0.000893137
0.000333523
0.000859575
0.000499274
0.000695336
0.00054885
0.00058461
0.00046013
0.000564414
0.000790251
0.000706671
0.000454952
0.000652296
0.000643576
0.0005448
0.000759065
0.000559654
0.000359444
0.000897836
6.63E-05
0.000614557
0.000393292
9.93E-05
0.000488898
0.000190075
0.000167888
0.000200825
0.00030911
-0.000182514
-0.000419246
-0.000434626
-0.0001358
-0.00047293
-0.000254616
-0.000374397
-0.000461763
-0.000238772
-0.000829758
-0.000607212
-0.000728926
-0.000686137
-0.001018853
-0.001114722
-0.001357617
-0.000807008
-0.00106381
-0.001361952
-0.001128905
-0.000954454
-0.001244736
-0.00112773
-0.000975092
-0.001102238
-0.001075959
-0.001515052
-0.001074402
-0.001309288
-0.001339569
-0.00143261
-0.001754431
-0.001243412
-0.001847729
-0.001537856
-0.001667058
-0.001880452
-0.001448589
-0.001987022
-0.001675185
-0.00178062
-0.001492561
-0.001796295
-0.001776681
-0.001632598
-0.001819322
-0.001723573
-0.001844077
-0.001871461
-0.001729144
-0.001677683
-0.001914064
-0.001666097
-0.001968038
-0.001787798
-0.001790419
-0.001771743
-0.001688448
-0.001841725
-0.001763725
-0.001873211
-0.001826614
-0.001854656
-0.001781729
-0.001797578
-0.00188734
-0.001744363
-0.001711569
-0.001699437
-0.001737314
-0.001670323
-0.00176821
-0.00146879
-0.001929141
-0.001722203
-0.001867703
-0.001589731
-0.001750783
-0.002093993
-0.002019211
-0.001642871
-0.001811524
-0.001588041
-0.001531537
-0.001697863
-0.001805084
-0.001420924
-0.000878469
-0.00117992
-0.000803491
-0.000730035
-0.001030945
-0.000892379
-0.000838167
-0.000619804
-0.001201158
-0.000782333
-0.00095301
-0.000764653
-0.00118234
-0.00096595
-0.00088243
-0.000903545
-0.000988131
-0.000953876
-0.000801153
-0.000704888
-0.000455818
-0.000390279
-0.000496817
-0.000198659
-0.000726099
-0.000352592
-0.000457543
-0.000306356
-0.000132791
6.53E-05
0.00069751
0.000856349
0.00076953
0.00076214
0.001035825
0.00081819
0.00082091
0.000431955
0.000908246
0.000812475
0.000280871
0.000861046
0.000900642
0.000877081
0.000869846
0.000979533
0.000636408
0.000392252
0.000232962
0.000683188
0.00097135
0.000647336
0.000939271
0.001074859
0.001338646
0.000892558
0.001118466
0.001358289
0.001193961
0.001377458
0.001262279
0.001459606
0.00182474
0.001505238
0.002156431
0.001993296
0.002235531
0.001972642
0.002246745
0.002134128
0.002248199
0.002311864
0.002390465
0.002472919
0.002388079
0.002545684
0.002456507
0.002446013
0.00262724
0.002455203
0.002464667
0.002586957
0.002445412
0.002569122
0.002553048
0.002519342
0.002665027
0.002568338
0.002751154
0.002727161
0.002560472
0.003142094
0.00260745
0.00307137
0.001896765
0.001733143
0.001941957
0.001554321
0.00205415
0.001880761
0.002010318
0.001933849
0.001665084
0.00204412
0.00218811
0.001787657
0.001992462
0.002031988
0.00216311
0.001353458
0.001474107
0.001333348
0.001246834
0.001008871
0.002340801
0.001738956
0.001054759
0.000752656
0.000772797
0.000434003
0.000626586
0.001109185
0.000489582
0.000831519
0.000381699
0.000479091
0.000857636
0.000727743
0.000561896
0.000686718
0.000514108
0.000566772
0.000858653
0.000693696
0.000627956
0.001036651
0.002163817
0.001773975
0.001734487
0.001184323
0.001018364
0.001049573
0.000623295
0.000927463
0.000584558
0.000110349
0.000495366
0.000166887
0.000445132
0.000127255
0.000372764
0.000111127
0.000580851
-0.00110954
0.000284766
-0.000600526
-0.00108359
-0.000457703
-0.000545604
-0.000981452
-0.000508377
-0.000796462
-0.00075209
-0.001041483
-0.000792795
-0.000755407
-0.000932117
-0.000964259
-0.000604011
-0.000946085
-0.000881471
-0.000967682
-0.000655669
-0.001033942
-0.000724177
-0.001138081
-0.000901451
-0.001917609
-0.001528735
-0.001828691
-0.00171466
-0.001857371
-0.001553903
-0.002150115
-0.001935687


























































































































































































































































































































































































































































































































































































































































































































































































































































































































































































































































































































































































































































































































































































































































































































































































































































































































































































































































































































































































































































































































































































































































































































































































































































































































































































































































































































































































































































































































































































































































































































































































































































































