0
0.00050663
8.45E-05
0.0004222
0.0004221
0.0002533
0.0004222
0.0005068
0.0001686
0.0003378
0.0003379
0.0010978
0.0008443
0.0007599
0.0010132
0.0009289
0
-0.0003378
-0.0001689
-0.0002533
-0.0004221
-0.0005067
-0.0014354
-0.0011821
-0.001351
-0.0011822
-0.00075997
-0.001013267
-0.001182163
-0.0009288
-0.0007599
-0.0014356
-0.0015197
-0.0008445
-0.0014354
-0.000591
-0.0010132
-0.0020263
-0.001014
-0.000675
-0.001013
-0.000169
-0.000338
-0.000253
-0.000338
0.000169
0.000253
0.000253
8.50E-05
0.000169
0.000929
0.000759
0.001183
0.001013
0.0014354
0.0026175
0.001351
0.0016043
0.0019422
0.00109766
0.00143545
0.00033779
0.000591
0.0004222
0.000591
0.0011823
0.0016886
0.0005911
0.00076
0.0011821
0.0012667
0.0010977
0.001267
0.001097
0.001436
0.001182
0.002533
0.003546
0.00228
0.002872
0.001603
0.001183
0.00076
0.000421
-8.30E-05
-0.000676
-0.000508
-0.000506
-0.000505
-0.000762
-0.000505
-0.000592
-0.00076
-0.000929
-0.001097
-0.001267
-0.001689
-0.001688
-0.002449
-0.000676
-0.001097
-0.001098
-0.001267
-0.002111
-0.0015195
-0.0012664
-0.0018578
-0.001351
-0.0011821
-0.0019421
-0.00194204
-0.00151986
-0.0011822
-0.0010976
-0.001351
-0.0009289
-0.0009288
-0.0011822
-0.0010975
-0.000929
-0.001773
-0.001098
-0.003293
-0.002955
-0.001773
-0.001942
-0.000845
-0.000422
0
8.40E-05
0.000507
0.001013
0.001351
0.001182
0.001267
0.002449
0.001688
0.001436
0.00152
0.001773
0.0018575
0.002111
0.0017732
0.002111
0.001942
0.0030398
0.0021109
0.0016043
0.0021955
0.0021958
0.002195
0.001267
0.001435
0.001436
0.001688
0.001773
0.001858
0.001689
0.001604
0.002956
0.000422
8.30E-05
-0.000167
-0.000676
-0.000846
-0.000843
-0.000844
-0.001858
-0.001351
-0.001013
-0.000929
-0.0038
-0.00152
-0.001097
-0.001689
-0.001098
-0.0021954
-0.0015199
-0.0019421
-0.0019421
-0.0014353
-0.0032087
-0.0015198
-0.0021953
-0.0020267
-0.0018575
-0.0016042
-0.001689
-0.002027
-0.001773
-0.001688
-0.001942
-0.001183
-0.000928
-0.001267
-0.000675
-0.001098
8.40E-05
0.000169
0.000676
0.000675
0.000929
0.000676
0.001097
0.001351
0.001098
0.001857
0.001436
0.001435
0.001605
0.00152
0.0015195
0.0018575
0.0016888
0.0019421
0.0019421
0.001351
0.0015199
0.0016886
0.0016045
0.0018575
0.0016043
0.0016045
0.0016887
0.001098
0.001351
0.001266
0.001267
0.001942
0.002111
0.002364
0.00228
0.002365
0.002449
0.002786
0.002362
0.003125
0.002872
0.003208
0.002449
0.001435
0.000592
8.40E-05
-0.000168
-0.00093
-0.000591
-0.00059
-0.000762
-0.000675
-0.00076
-0.000843
-0.000676
-0.001013
-0.000592
-0.000927
-0.00093
-0.001013
-0.002365
-0.002278
-0.003124
-0.001944
-0.001351
-0.002111
-0.002702
-0.002702
-0.00363
-0.002111
-0.002365
-0.0027862
-0.0018575
-0.0027864
-0.0023644
-0.00227981
-0.00244879
-0.0018575
-0.001942
-0.0014356
-0.0020265
-0.0016893
-0.003715
-0.002364
-0.002026
-0.001436
-0.001689
-0.001604
-0.002534
-0.001351
-0.00287
-0.004392
-0.003967
-0.002703
-0.003124
-0.001857
-0.001183
-0.001181
-0.000676
0.000505
0.001776
0.001097
0.001181
0.001352
0.001351
0.001773
0.002281
0.003713
0.001605
0.001857
0.001859
0.002279
0.001943
0.002533
0.002111
0.003208
0.00228
0.00228
0.001942
0.0048974
0.0036306
0.00312431
0.00447519
0.004222
0.0030395
0.002787
0.004137
0.003209
0.00228
0.003039
0.003462
0.002619
0.002362
0.002535
0.002027
0.001773
0.002362
0.001943
0.001435
0.000846
0.000338
-0.000846
-0.000759
-0.00093
-0.000759
-0.001182
-0.001351
-0.000929
-0.00093
-0.000843
-0.00076
-0.001267
-0.002195
-0.002532
-0.003632
-0.002111
-0.001773
-0.002365
-0.001857
-0.003884
-0.00228
-0.001773
-0.002787
-0.0027018
-0.0029555
-0.003293
-0.00295533
-0.00253327
-0.0023642
-0.0026175
-0.0029554
-0.00228
-0.002617
-0.005573
-0.00228
-0.001688
-0.002111
-0.002197
-0.002362
-0.002281
-0.002281
-0.002025
-0.00228
-0.003295
-0.003038
-0.001689
-0.001267
-8.40E-05
0.000254
0.000338
0.001013
0.000844
0.001181
0.001267
0.001519
0.001521
0.00169
0.001773
0.001772
0.002111
0.002195
0.00211
0.00169
0.002534
0.001604
0.002533
0.002618
0.002448
0.002195
0.002534
0.002195
0.005573
0.0030398
0.0028709
0.0032932
0.0032085
0.0054886
0.002786
0.00304
0.003546
0.003631
0.002532
0.002619
0.003378
0.002449
0.002364
0.004222
0.002449
0.002616
0.002618
0.002281
0.0027
0.002365
0.002619
0.002027
0.00287
0.002616
0.002957
0.002278
0.000254
-0.000167
-0.000171
-0.000337
-0.00169
-0.00194
-0.002281
-0.001519
-0.001689
-0.001519
-0.001689
-0.010473
-0.004472
-0.003041
-0.002956
-0.002954
-0.005068
-0.003716
-0.003967
-0.003209
-0.003462
-0.005488
-0.0047287
-0.0059951
-0.0051506
-0.0043909
-0.0036307
-0.003124
-0.003293
-0.003631
-0.003209
-0.003462
-0.00304
-0.002787
-0.003291
-0.00473
-0.005151
-0.003208
-0.003884
-0.00397
-0.004305
-0.003378
-0.003292
-0.002619
-0.002111
-0.001267
-0.000843
-0.000422
0.000589
0.001268
0.001267
0.001098
0.001772
0.001352
0.001773
0.001605
0.002027
0.002111
0.00194
0.001605
0.001603
0.001859
0.001519
0.002198
0.001856
0.001689
0.002787
0.006837
0.004138
0.003886
0.006163
0.002871
0.003378
0.003799
0.0058266
0.0040531
0.00388404
0.00455966
0.0041374
0.0043062
0.003716
0.005319
0.004053
0.004559
0.00397
0.004138
0.004475
0.004643
0.003968
0.004475
0.004308
0.004138
0.002786
0.003462
0.002362
0
-0.000167
-0.001268
-0.001351
-0.001097
-0.001265
-0.001689
-0.00186
-0.014775
-0.005067
-0.002703
-0.002448
-0.003038
-0.002281
-0.002532
-0.002703
-0.003632
-0.01486
-0.0044754
-0.0034617
-0.00388427
-0.00379973
-0.0054889
-0.004559
-0.0038
-0.004053
-0.004643
-0.006419
-0.004221
-0.004392
-0.004559
-0.004222
-0.004643
-0.004813
-0.005997
-0.004135
-0.002619
-0.002111
-0.001013
-0.000254
0.00017
0.000254
0.001519
0.000759
0.001857
0.002027
0.002111
0.004138
0.001605
0.002027
0.002616
0.001943
0.002365
0.004981
0.002448
0.001352
