0
0
0
0
0
0
0
0
0
0
0
0
0
0
0
0.0001397
0
-0.0001397
0.0011176
0
0
-0.0009779
0
0
0.0016764
0.0001397
0
-0.0018161
0
0
-0.0016764
-0.0001397
-0.0001397
0.0022352
0
0
-0.0001397
0.0015367
0
0
0
-0.0001397
0.0001397
0
0
0
0
-0.0001397
0.0001397
0
0
0.0001397
0
0.0001397
0.0001397
0.0001397
0.0002794
0.0005588
0.0002794
0.0002794
0.0002794
0
0.0002794
0.0002794
0
0.0002794
0.0002794
0
0.0001397
0
0
0
0.0004191
0
0
0
0
0.0002794
0.0004191
0.000139701
0.0023749
0.0001397
-0.0001397
0.0026543
0.000139701
0
0
0.002374899
0.000139701
0
-0.000139701
0
0
0
0
0
0
0
0.000139701
0
0.000279401
0
0.000139699
0
0
-0.000139699
0.000279399
0
0
0
0
0.000139701
0
0.000139699
0
0
0
0
0.000139701
-0.0033528
-0.0001397
0
-0.0062865
0
-0.0002794
0
-0.0047498
-0.0002794
0
0
-0.0046101
-0.0002794
-0.0001397
-0.0001397
-0.0048895
-0.0001397
0
0
-0.005029199
-0.000139701
0
0
0.0036322
0.0002794
0
0.0001397
0.0060071
0.0001397
0.0001397
0.0048895
0
0
0.0051689
0
0.0001397
0.0047498
0.0002794
0
0.0048895
0.000279399
-0.000139699
0
0
0
0
0
0
0.000279399
0.000279399
0.0004191
0.000558801
0.000279401
0.000279399
0.000139701
0.000279399
0.0004191
0.000279399
0.000139701
0.000279401
0.000139699
0.000558801
0.000139701
-0.003073401
-0.000139699
0
-0.0074041
0
0
-0.0088011
-0.0004191
0.0001397
-0.0062865
0
-0.007543799
-0.000139701
-0.0001397
0
0
0.0001397
-0.0001397
0
-0.000139699
-0.000558801
-0.0004191
-0.000279401
-0.000558799
-0.0004191
-0.000558801
-0.0004191
-0.0004191
-0.000279401
-0.000558799
-0.000419102
-0.000279399
-0.000279399
-0.0004191
-0.000139701
-0.0001397
0.003492501
0.000279399
0.000139701
0
0.007264399
0.0004191
0.0001397
-0.0001397
0.0086614
0.0001397
0
0
0.0075438
0
0.0001397
-0.0001397
0.006426199
0.000139701
0
0
-0.000139701
0
0.000139701
0.000279401
0.000279399
0.000279399
0.000558801
0.0004191
0.0004191
0.0004191
0.0005588
0.000139701
0.0004191
0.000279399
0.000558801
0.0005588
0.0004191
0
0.000139699
0.000279401
0.000139699
-0.003492499
-0.000139701
0
0
0
-0.007264399
-0.0002794
0
-0.000139701
-0.0075438
-0.0001397
0
0
-0.0075438
0
0
0
-0.0076835
-0.0001397
0
0
0.0001397
0
0
-0.0001397
0
-0.0002794
-0.0004191
-0.0004191
-0.0004191
-0.000279401
-0.0004191
-0.0002794
-0.000279399
-0.000279401
0
-0.000279399
-0.000279401
-0.000279399
-0.0004191
-0.0004191
-0.000279401
-0.000279399
-0.000139701
-0.000139699
0.002933699
0.0001397
0
0.000139701
0.007543799
0
0
0
0.0086614
0.0002794
0
0
0.0048895
0.0001397
0
0
0.0062865
0.000139699
0.000139701
0
0.006007099
0.000139701
0
0
0
0
0
0
0
0
0.0001397
0.000279399
0.0004191
0.000698501
0.0004191
0.0004191
0.000279399
0.0005588
0.0004191
0
0
0.000139701
0
-0.000139701
0.000279399
0
0
0
0
0.000139701
0
0.000139701
0.000139699
0.000139701
0.000279399
0.000279401
0.000279399
0.000279401
0.000279399
0.000279399
0.000279401
0.000139699
0.0001397
0.000279399
0.0004191
0.000279401
0.0006985
0.0001397
0.0001397
0.0002794
0
0
0
0
0
0
0
0
0
0
0
0
0
0.0001397
0.0002794
0.0004191
0.0002794
0.000698497
0.000279403
0.0004191
0.0002794
0.0002794
0.0002794
0.0002794
0.0002794
0.0002794
0.0002794
0.0001397
0.0002794
0.000139697
0
0
0
0
0
0.000279403
0.0002794
0.0004191
0.0004191
0.0004191
0.0002794
0.0002794
0.0001397
0.0001397
0.0004191
0.0004191
0.0001397
0.0002794
0.0001397
0.0001397
0.0001397
0.000139697
0.000698503
0.000139697
0
0
0
0.000279403
0.0002794
0.0004191
0.0006985
0
0.0001397
0
0.0004191
0.0004191
0.0001397
0
0.0001397
0.0002794
0
0
0.0002794
0.000139697
0
0
0
0
-0.000279397
-0.0004191
-0.0005588
-0.0002794
-0.0001397
-0.0001397
-0.0001397
-0.0001397
-0.0001397
-0.0002794
-0.0001397
-0.000139697
-0.000279403
0
-0.000139703
-0.000139697
0
-0.0001397
0.0001397
-0.0001397
-0.0002794
-0.0050292
-0.000139703
0
-0.007404098
0
-0.000139699
0
0
-0.007543801
0
0
-0.000139699
-0.0074041
0
0
-0.000139701
0
-0.0074041
-0.0002794
0
0
0
-0.0061468
-0.0001397
-0.0001397
0
-0.0061468
0
0
0
-0.007404099
-0.000279401
-0.0005588
0
-0.000139699
0.000139699
0
0
0
-0.0004191
-0.0004191
-0.000279399
-0.0004191
-0.0004191
-0.000558801
-0.0004191
-0.000279399
-0.000279401
-0.000279399
-0.0001397
-0.0001397
0
0
-0.000279399
0
-0.000139701
0
0
-0.000279399
0
0
0
-0.000139701
-0.000279399
-0.000279399
-0.0004191
-0.000419101
-0.0002794
-0.0002794
-0.0004191
-0.0004191
-0.0001397
-0.0004191
-0.000139697
-0.0004191
0
-0.000139703
-0.0001397
-0.000139697
0
-0.000139703
-0.000279403
0
0
0
-0.000279397
-0.0005588
-0.0005588
-0.0005588
-0.0004191
-0.000419097
-0.0004191
-0.0004191
-0.000279403
-0.0002794
-0.000279397
-0.000139703
-0.0002794
-0.0002794
-0.0002794
-0.0002794
-0.0001397
0
-0.0001397
-0.0004191
-0.0001397
0
0
-0.0001397
-0.000558797
-0.0004191
-0.0004191
-0.0004191
-0.000419105
-0.000279397
-0.0004191
-0.0004191
-0.0002794
-0.0001397
-0.0004191
-0.0001397
-0.0001397
-0.0001397
0.0034925
0.000139703
0
0
-0.000139703
0.0075438
0.0004191
0.0001397
-0.0001397
0.006845299
0.000279401
0.000139699
0
0
0.007404101
0.000139701
0.000279399
0
0.0082423
0.0001397
0.0004191
0
0.0001397
0.0060071
0.0001397
0.0001397
0
0
0.0062865
0
0
0
0.008661399
0.000279401
0
0
-0.0001397
0.0048895
0.0004191
0
0
0
0.007264403
0.000279397
0
0
0.0061468
0.0002794
0.0001397
0
-0.0001397
0.0047498
0.0004191
0
0
0
-0.003771903
0
0
-0.000139697
-0.0100584
0
-0.0001397
0.0001397
-0.0001397
-0.0124333
0
-0.000279401
-0.000139699
0.000139699
-0.012572999
-0.0001397
-0.0001397
0
-0.0122936
-0.0004191
0
-0.0122936
-0.000279399
0
-0.000139701
-0.0096393
-0.0001397
-0.0002794
0
0.0001397
0
-0.0062865
-0.0001397
-0.0001397
0
0
0.0036322
0.0001397
0
0.000139703
0.009918697
0.0001397
0
0
0.012573001
0.000139699
0
0
0.0085217
0.0004191
0.0001397
0
0
0.0048895
0
0.0001397
0
-0.0001397
0
0
0
0
0
0
0
0
0
0
0.0051689
0
0
0
0.0092202
0
0
0
0
0.0071247
0.000139701
0
0
0.000139699
0.007543801
0
0
0
0
0.0075438
0.0001397
0.000139697
-0.000139697
0
0.0036322
0.000139697
-0.000139697
0.000139697
-0.000139697
0.0036322
0.0002794
0
0.0001397
0
-0.0001397
0.0001397
0
0
0
0
0.0002794
0.0001397
0.0004191
0.000558797
0.000558803
0.0004191
0.0004191
0.0002794
0.0004191
0.0002794
0.0004191
0.0001397
0.000279397
0.000279403
0
0.0004191
0
0.0004191
0.000139697
0.000279405
0.000279397
0.000139703
0.000139695
0.000279405
0.000279397
0
0.000139703
0.000279397
-0.000139703
0.000139703
0.000139703
0
0.000279397
0.000558803
0.000279397
0.000139703
0.000139695
0.000279405
0.000139695
0.000139703
0.000139703
0.000139695
0.000279405
0.000279397
0.000139703
0.000139695
0.000279403
0.0002794
0
0.000279397
0.000139703
0
0.0001397
0.000139697
0.000139703
0.000279397
0.000279403
0.000139697
0.000139703
0.0001397
0.0004191
0.000279397
0.000139703
0.000139703
0.000139695
0
0.000139703
0.000279397
0.000139703
0.000139703
0
0.0004191
0.000139695
0
0.000279405
0.000279397
0.000139703
0.000139695
-0.000139695
0.000139695
0
0.0004191
0.0004191
0.000279405
0.000139695
0.000279405
0.000139695
0.000279405
0.000139695
0.000279405
0.000139695
0.000279405
0.000279397
0.0001397
0.0002794
0.000279397
0.000279403
0.000139697
0.000279403
0.0002794
0.0001397
0.0004191
0.000139697
0.0001397
0.0004191
0.000139703
0
0
0.000139703
0
0
0.000139695
0.000558803
0.000558803
0.000139695
0.000139703
0.000558803
0.000279397
0.0004191
0.000139703
0.000279397
0.000279397
0.000279405
0.0004191
0.000139695
0.000139703
0.0004191
0
0.0004191
0.000279397
0.000279403
0.000139697
0.000139703
0.000279397
0.000279403
0.0002794
0.0001397
0.0002794
0
0.000279397
0
0
0.000279403
0.000279397
0.000698505
0.000139695
0.0004191
0.000279405
0.000139695
0
0.000279405
0.000279397
0.000279397
0
0.000279405
0.000279397
0.000279397
0.000279405
0
0.000279397
0
0.000279397
0.000279405
0
0
0.000279397
0.000279397
0
0.000279405
0
0.000139695
0.000139703
0
0.000139703
0
0.000139695
0
0
0
-0.000558795
-0.0004191
-0.000279405
-0.000139695
-0.000279405
-0.0004191
-0.000279397
-0.0004191
-0.000558803
-0.000558795
-0.000558803
-0.000279397
-0.000558803
-0.0004191
-0.000139703
-0.0001397
-0.000139697
-0.0001397
-0.010337803
0
-0.000139697
-0.0099187
-0.000139703
0.000139703
-0.000139703
-0.009778997
-0.0002794
0
0
0
-0.0001397
0.0001397
0
0
-0.0006985
-0.0006985
-0.0002794
-0.000558803
-0.000279397
-0.0002794
-0.0004191
-0.0004191
-0.000279403
-0.000558797
-0.0002794
-0.0006985
-0.0002794
-0.0001397
-0.0002794
-0.0004191
-0.0004191
-0.0004191
-0.0004191
-0.0004191
-0.0002794
-0.0001397
-0.0002794
0
-0.0002794
-0.0002794
0
-0.0002794
-0.0001397
-0.010477499
0.000279399
0
-0.0001397
-0.009918699
-0.000279401
0
0
0
-0.012573
-0.0002794
0
0
0
-0.0075438
0
0
0
-0.007543799
-0.000139701
0
0
0
-0.0099187
-0.000279399
0
0
-0.012433301
-0.0001397
-0.000139697
0
0
0
-0.004749803
-0.0002794
0
-0.0001397
0.0001397
0
0
-0.0001397
0
-0.0004191
-0.0004191
-0.0002794
-0.0005588
-0.0005588
-0.0005588
-0.0004191
-0.0004191
-0.0002794
-0.0005588
-0.0004191
-0.0004191
-0.0006985
-0.0002794
-0.0002794
-0.0002794
-0.0001397
-0.0001397
-0.000279397
-0.000279403
0
0
-0.000139697
-0.000558803
-0.000558803
-0.0004191
-0.000558795
-0.0004191
-0.0004191
-0.000558803
-0.0004191
-0.000279397
-0.0004191
-0.0004191
-0.0004191
-0.0004191
-0.000279403
-0.000558797
-0.000558803
-0.0004191
-0.0005588
-0.000558803
-0.000558795
-0.0004191
-0.000279405
-0.000558795
-0.000558803
0
0.000139703
-0.000279405
-0.0004191
-0.0008382
-0.0004191
-0.000139695
-0.000558803
-0.0004191
-0.000139703
-0.000279397
-0.000279397
-0.0004191
-0.000279403
-0.000139697
-0.000279403
-0.000139697
-0.000139703
-0.000279397
0
-0.000139703
-0.0001397
-0.0004191
-0.000139697
-0.000279403
-0.000279397
-0.000139703
-0.000139703
-0.000279397
-0.000139703
-0.000139695
-0.000279405
0
-0.000139695
-0.000279405
-0.000139695
-0.000558803
0
0
-0.000139703
-0.0004191
-0.000698497
-0.0004191
-0.000558803
-0.000279397
-0.000558803
-0.000419097
-0.0004191
-0.0006985
-0.000698497
-0.000139703
-0.000419097
-0.0004191
-0.0004191
-0.000558803
-0.000558803
-0.0004191
-0.000279397
-0.000279397
-0.0004191
-0.000279405
-0.000558795
-0.000279405
-0.000279397
-0.000279397
-0.000139703
0
0
0.0046101
0
0.000139703
0
0.0136906
0.000139695
0.000139703
0
0.012573
0
0.0001397
0
0
0.012293603
0.000279397
0.000139703
0
0.000139697
0.0124333
0
0
0
0
0.0127127
0
0
0
0.0127127
0
0.0001397
0
0
0.012573
0
0.000139699
0.000139701
-0.000139701
0.012433301
0.0002794
0.0002794
0
0
0.0120142
0.0002794
0
0
0
0.012712703
0
0.000139695
-0.000139695
0.000139695
0.012014203
0.0005588
0.000139697
0.000139703
0
0.0099187
0
0.000139697
0
0.006146803
0.000279397
-0.000139695
0.000139695
-0.006146797
-0.0001397
0
0
0
-0.0101981
-0.0002794
0
0
-0.012293597
-0.0004191
-0.000139703
0.000139703
-0.012153903
-0.0002794
0
0
-0.012573
-0.0001397
0
0
-0.012573
-0.0001397
0
0
-0.012573
-0.0001397
0
0
-0.0001397
-0.012573
0
0
-0.0001397
-0.012573001
0
0
0
0
-0.012572999
-0.0001397
0
-0.000139697
0.000139697
-0.012712697
0
-0.000139703
0
0.000139703
-0.0127127
0
-0.000139703
0
-0.0124333
-0.000139697
-0.000139703
0.000139703
-0.000139703
-0.006146803
-0.000139695
0
-0.000139703
0.0060071
0.0004191
0
0
0.012433303
0.000139695
0.000139703
0
0.0122936
0.0002794
0
0.0001397
0.012573
0.000139703
0
0
0.012572997
-0.000139701
0.000139701
0.000139701
0
0.012852399
0
0
0.0001397
0.0122936
0
0.0001397
0
0.012573
0.0002794
0
0
0.0124333
0.0001397
0.0002794
0
0.0122936
0
0.0001397
0
0.0124333
0.000279397
0
0
0.0122936
0.000279403
0.000139697
-0.000139697
0.0127127
0
0.000139703
0
0.012572997
0.000139703
0
0.000139695
0
-0.000139695
0.000139695
-0.000139695
0.000139695
0.0004191
0.000279403
0.0004191
0.0004191
0.0006985
0.000279397
0.000279403
0.0004191
0.0004191
0.000558803
0.000279397
0.000279397
0.000558803
0.000279397
0.0004191
0.0004191
0.000558803
0.000558803
0.0004191
0.0004191
0.000279397
0.0005588
0.0004191
0.0004191
0
0.0002794
0.000279398
0.000279402
0
0.000279405
0.000139695
0
0
-0.000139695
0.0004191
0.000558795
0.000279405
0.0004191
0.000279392
0.000558808
0.000558795
0.000279405
0.00027939
0.0004191
0.0004191
0.000279405
0.000558795
0.0004191
0.000279405
0.000139695
0.000139708
0.000279392
0
0
0.000279405
0.0004191
0.001117603
0.0008382
0.000698492
0.000698503
0.000558797
0.000558808
0.000698492
0.0004191
0.000558808
0.0004191
0.0004191
0.000279403
0.000558795
0.0004191
0.000279405
0.000558795
0.000558798
0.000279402
0.0004191
0.000279405
0.0004191
0.0004191
0.0004191
0.000279392
0.000279403
0.000279405
0.000139695
0.000279405
0
-0.0058674
-0.000279403
0
0
-0.012712705
-0.000139698
0
-0.012712697
0
-0.000139703
0.000139703
-0.012433303
-0.000279397
0
0
-0.012293605
-0.0004191
0
-0.012433295
-0.000279405
-0.000139695
0
-0.012433303
0
0
0
-0.0127127
0
-0.0001397
-0.0124333
-0.0001397
0
0
-0.0127127
-0.0001397
0
-0.0124333
-0.0001397
0
-0.0001397
-0.0124333
-0.000279399
-0.000139701
0.000139701
-0.012153901
-0.0008382
-0.000139697
0.000139697
-0.0118745
-0.000419097
-0.000139703
0
0
-0.012572997
0
-0.000279405
0.000139703
-0.012572997
-0.000139703
-0.0001397
0
-0.012433303
-0.000139695
-0.000139703
0
0
0
-0.000139703
-0.000279397
0
0
0.000139703
-0.0004191
-0.0008382
-0.000558803
-0.000698497
-0.000698503
-0.0008382
-0.001117597
-0.000977903
-0.000977903
-0.0008382
-0.000698497
-0.001117597
-0.0008382
-0.000698503
-0.000558797
-0.000279403
-0.0004191
-0.0002794
-0.000698498
0
0
-0.000698503
-0.0004191
-0.0004191
-0.000279405
-0.000139695
-0.0004191
-0.0004191
-0.000279405
-0.00027939
-0.0004191
-0.0004191
-0.000279405
-0.000279402
-0.0004191
-0.0004191
-0.0004191
-0.000558798
-0.000558795
-0.000139708
-0.0004191
-0.0004191
-0.0004191
-0.000558795
-0.000279405
-0.000279392
-0.000279403
-0.0004191
-0.0004191
-0.000139697
-0.000139708
-0.000279392
-0.000139708
0
-0.000139695
0
0
0
-0.000698505
-0.000558795
-0.000558795
-0.00055881
-0.000558795
-0.0004191
-0.000558808
-0.000558795
-0.0004191
-0.000558798
-0.000698502
-0.000698505
-0.0008382
-0.0004191
-0.000139695
-0.000139695
-0.000279405
0.008521705
0.0004191
0
0.000139697
0.011874498
0.0004191
0.000139703
0
0.000139697
0
0
-0.000139697
0.000139697
0.0004191
0.0004191
0.000279403
0.0004191
0.000279397
0.0004191
0.0004191
0.000279397
0
0.000279405
0.000558795
0.0004191
0.0008382
0.000698505
0.0008382
0.0004191
0.0005588
0.000558797
0.000698503
0.0008382
0.000698497
0.0004191
0.0008382
0.0008382
0.0008382
0.000698497
0.000698505
0.0005588
0.0008382
0.000977897
0.000698503
0.000558797
0.0005588
0.000698497
0.000558803
0.000558803
0.0008382
0.001536697
0.001117597
0.000977903
0.0008382
0.001257297
0.001816103
0.0012573
0.001536697
0.001257305
0.000558797
0.0009779
0.001816103
0.000977895
0.001117605
0.0012573
0.000698497
0.001397003
0.001117597
0.001536703
0.001396995
0.000558803
0.000977903
0.000977895
0.000698505
0.001396997
0.0008382
0.0015367
0.0009779
0.0011176
0.001397
0.001257303
0.0012573
0.001536697
0.0012573
0.000838203
0.001955797
0.0009779
0.001117603
0.001117597
0.0016764
0.001676397
0.001955803
0.0009779
0.0009779
0.0016764
0.001257301
0.001536699
0.001536701
0.001257299
0.001397
0.001397
0.000558799
0.000558801
0.0005588
0.000698499
0.000279401
0.0004191
0.000279399
0
0.000419101
-0.000139701
0
0.0004191
0.000558801
0.000977899
0.0005588
0.000558801
0.000279399
0.000139701
0.0005588
0.0004191
0.000558801
0.000558799
0.000558801
0.0006985
0.0008382
0.0008382
0.0006985
0.0005588
0.0008382
0.0005588
0.0005588
0.0005588
0.0004191
0.0002794
0.0005588
0.0005588
0.0005588
0.0009779
0.0011176
0.0011176
0.0006985
0.000977901
0.000558799
0.000558801
0.0008382
0.0011176
0.0008382
0.0008382
0.0008382
0.001117601
0.000977901
0.001257299
0.001117599
0.0009779
0.000977901
0.0009779
0.0008382
0.0012573
0.0009779
0.0008382
0.001397
0.0011176
0.001397
0.0009779
0.0011176
0.0009779
0.0012573
0.0011176
0.0005588
0.0008382
0.000558797
0.001117603
0.0006985
0.0004191
0.0002794
0.0002794
0
0.0004191
0
0.0001397
0
0.0002794
0.0005588
0.0008382
0.0005588
0.000558797
0.000977903
0.0006985
0.0005588
0.0006985
0.0004191
0.000698497
0.000838203
0.0009779
0.0006985
0.0004191
0.0005588
0.000558797
0.000558803
0.000558803
0.000698497
0.000698497
0.0008382
0.000558803
0.000558803
0.000558795
0.001117603
0.000558797
0.000698503
0.0012573
0.001117597
0.000558803
0.0008382
0.001117597
0.001397003
0.001397
0.001117597
0.0008382
0.000558803
0.000558803
0.000698497
0.001397003
0.001396995
0.001397003
0.0012573
0.001117603
0.001396995
0.001117605
0.001396995
0.0012573
0.0008382
0.000977903
0.0008382
0.0005588
0.000558797
0.0009779
0.000698505
0.001117597
0.0008382
0.0004191
0.0004191
0.0004191
0.000139703
0.000139695
0.000139703
0
0.000139703
0
0
0.000139695
0.000698503
0.0006985
0.0009779
0.0004191
0.000698497
0.0004191
0.0004191
0.000698505
0.0004191
0.000558795
0.000698505
0.001117597
0.000558803
0.001117597
0.0009779
0.001117605
0.000698492
0.000558808
0.000977895
0.000698505
0.00069849
0.000698505
0.001117603
0.0008382
0.0008382
0.000558798
0.000698503
0.0008382
0.000558795
0.0008382
0.000698505
0.0008382
0.000558795
0.0004191
0.0004191
0.000279405
0.000977895
0.000977908
0.0004191
0.000558795
0.0008382
0.0004191
0.000558798
0.000279402
0.000558795
0.000279405
0.000279405
0
0
0
-0.000977908
-0.001536692
-0.0016764
-0.001955803
-0.001117605
-0.000698503
-0.0008382
-0.001117592
-0.000698505
-0.001396995
-0.0016764
-0.001397008
-0.00195579
-0.001816108
-0.000698492
-0.002235208
-0.001536698
-0.0020955
-0.002793997
-0.000977903
-0.0009779
-0.0012573
-0.001117597
-0.0012573
-0.000558803
-0.0012573
-0.0012573
-0.0016764
-0.002095497
-0.001816103
-0.0012573
-0.001117597
-0.002095505
-0.0016764
-0.0016764
-0.001396995
-0.001397003
-0.000977903
-0.000698497
-0.000558803
-0.000279397
-0.0004191
-0.0004191
-0.0001397
-0.000139703
-0.0004191
0.000139703
-0.000139703
-0.0004191
-0.001117597
-0.0012573
-0.001397003
-0.001536697
-0.001397
-0.0006985
-0.0009779
-0.001117597
-0.001536705
-0.0016764
-0.0025146
-0.001257297
-0.0012573
-0.0018161
-0.0020955
-0.001397
-0.0012573
-0.001397
-0.0018161
-0.0012573
-0.001397
-0.001676403
-0.0008382
-0.001955797
-0.002514603
-0.002235197
-0.002933701
-0.0039116
-0.0022352
-0.002374901
-0.001816099
-0.0008382
-0.0011176
-0.0011176
-0.0015367
-0.001397
-0.0011176
-0.0006985
-0.0005588
-0.0005588
-0.0004191
-0.0002794
-0.0002794
-0.0002794
-0.0002794
0.0001397
-0.0001397
-0.0002794
-0.001397
-0.001397
-0.0018161
-0.0011176
-0.0015367
-0.0019558
-0.0019558
-0.0016764
-0.0012573
-0.0012573
-0.001117601
-0.001117599
-0.001397
-0.000698499
-0.000838201
-0.0012573
-0.001397
-0.001536699
-0.0016764
-0.001117601
-0.0011176
-0.0008382
-0.0009779
-0.0015367
-0.0012573
-0.0015367
-0.0012573
-0.0009779
-0.0009779
-0.001397
-0.0008382
-0.001397
-0.0012573
-0.001397
-0.001676397
-0.002514603
-0.0018161
-0.0019558
-0.0016764
-0.001117597
-0.001816103
-0.001536697
-0.000838205
-0.0012573
-0.000977895
-0.000558803
-0.000139703
-0.0004191
-0.000279397
-0.000139703
-0.000279397
0
0
0
-0.000698497
-0.000139703
-0.000698497
-0.000977903
-0.0009779
-0.001117597
-0.000558803
-0.0008382
-0.000698497
-0.000698505
-0.000558795
-0.000279405
-0.0008382
-0.000977895
-0.001397003
-0.0009779
-0.0008382
-0.001117597
-0.001117605
-0.001536697
-0.001536697
-0.000977903
-0.0012573
-0.000698497
-0.001397
-0.0016764
-0.002654303
-0.0026543
-0.001816103
-0.001396995
-0.001117605
-0.000977895
-0.0012573
-0.0012573
-0.0008382
-0.000977908
-0.000977895
-0.0008382
-0.0004191
-0.0012573
-0.001396995
-0.000977908
-0.000977897
-0.000698503
-0.0012573
-0.0016764
-0.000977895
-0.000977897
-0.000558808
-0.000558795
-0.000977908
-0.000698492
-0.0004191
-0.000558808
-0.000977895
-0.000279405
-0.000977895
-0.000977897
-0.000558808
-0.0004191
0.00013971
-0.00013971
0.00013971
0.00111759
0.0012573
0.001397008
0.001955792
0.001816108
0.001536703
0.001816097
0.001117603
0.0012573
0.001816095
0.002235195
0.0025146
0.002654308
0.002654295
0.001955805
0.002374897
0.002374903
0.001955797
0.002374897
0.002514605
0.0016764
0.0025146
0.002654295
0.001676405
0.002235195
0.0020955
0.002794005
0.002793997
0.001397
0.001117597
0.001536705
0.000977895
0.001117605
0.001676397
0.0012573
0.000977903
0.0008382
0.0008382
0.000558795
0.000698505
0.0008382
0.000279397
0.0002794
0.000279403
0.000139697
0.000279403
0.000279397
-0.0001397
0.0001397
0
0.0006985
0.0015367
0.0012573
0.0009779
0.0018161
0.001117603
0.000698497
0.0009779
0.0008382
0.0011176
0.001257303
0.001396997
0.001397
0.0009779
0.001397
0.0022352
0.0018161
0.0012573
0.0008382
0.001955799
0.000698501
0.0016764
0.0022352
0.002095499
0.0018161
0.001117601
0.0020955
0.001536701
0.0015367
0.0015367
0.0019558
0.0012573
0.0009779
0.0015367
0.0016764
0.0008382
0.0008382
0.0008382
0.0006985
0.0011176
0.001397
0.0018161
0.0016764
0.001955801
0.0016764
0.001117599
0.001397
0.0009779
0.0012573
0.0012573
0.001117601
0.001117599
0.0004191
0.0012573
0.001117601
0.0004191
0.0005588
0.000558799
0.000558801
0.0005588
0.0001397
0.0005588
0
0
0
0.0004191
0.000698497
0.000977903
0.0008382
0.0009779
0.0011176
0.001396997
0.001397003
0.0008382
0.0008382
0.0006985
0.0005588
0.0006985
0.0009779
0.0006985
0.000558797
0.000977903
0.0011176
0.0012573
0.0009779
0.0011176
0.0008382
0.0006985
0.0005588
0.0008382
0.0008382
0.001396997
0.001397003
0.000977903
0.000558795
0.000558803
0.000279397
0.000558803
0.001117597
0.000977903
0.001117603
0.000558795
0.001397003
0.0016764
0.0012573
0.001117597
0.001536703
0.001397003
0.001396995
0.001117605
0.0016764
0.001257297
0.0012573
0.001536697
0.001117605
0.000977895
0.001816103
0.001117597
0.000977903
0.0016764
0.001536703
0.001117597
0.000977903
0.0004191
0.0016764
0.001816095
0.0016764
0.001397
0.0016764
0.001955805
0.001536697
0.0009779
0.0008382
0.0012573
0.0012573
0.000558795
0.0008382
0.001117605
0.001396995
0.0012573
0.0016764
0.000977908
0.0008382
0.0008382
0.0008382
0.0004191
0.00027939
0.000698505
0.001117603
0.000558798
0.0008382
0.0008382
0.0004191
0.000558808
0.000698492
0.000279402
0.000279405
0.00027939
0.00013971
0.000139695
0.000139695
0
0.00013971
0.000139695
-0.000139695
0
-0.0004191
-0.000279405
-0.001117603
-0.001396998
-0.002235195
-0.002654308
-0.0025146
-0.002374903
-0.001955792
-0.001816108
-0.002235195
-0.0018161
-0.000977903
-0.001396995
-0.001955805
-0.002235195
-0.002095505
-0.002374897
-0.002235203
-0.001955797
-0.0022352
-0.002793997
-0.001955805
-0.0012573
-0.002514597
-0.0020955
-0.001536697
-0.001816103
-0.0012573
-0.000977903
-0.000698497
-0.0004191
-0.0005588
-0.0002794
-0.0004191
-0.0001397
0
-0.000139703
0
-0.0012573
-0.001816095
-0.0020955
-0.001955803
-0.001397003
-0.002374897
-0.001536697
-0.002095503
-0.002794
-0.0029337
-0.002794
-0.0016764
-0.0018161
-0.0029337
-0.003213103
-0.003492497
-0.004749801
-0.003911599
-0.0030734
-0.002514599
-0.001676401
-0.003352799
-0.0046101
-0.0025146
-0.0037719
-0.0026543
-0.0033528
-0.002794
-0.002514601
-0.003213099
-0.001117601
-0.0012573
-0.001117601
-0.000698499
-0.000698499
-0.001257301
-0.000698499
-0.000279399
-0.000139701
-0.0005588
-0.0131318
0
0
0
0
0
0
-0.0001397
-0.0006985
-0.0016764
-0.0019558
-0.0032131
-0.001955797
-0.002374903
-0.0022352
-0.001536697
-0.001536705
-0.002235195
-0.0012573
-0.0022352
-0.001955805
-0.001536697
-0.0022352
-0.002374897
-0.001816103
-0.001816103
-0.001536697
-0.0018161
-0.0012573
-0.001955797
-0.002374905
-0.002374897
-0.003213103
-0.0029337
-0.001676397
-0.0016764
-0.0016764
-0.0025146
-0.002374897
-0.0016764
-0.001955803
-0.0016764
-0.0012573
-0.0025146
-0.002794003
-0.002374892
-0.000698503
-0.000558797
-0.000419097
-0.000698505
-0.000558808
-0.0012573
-0.001117592
-0.0008382
-0.0008382
-0.001117603
-0.000279405
-0.00027939
0
-0.00013971
0.000279405
0.0008382
0.0016764
0.0008382
0.0012573
0.001955802
0.002235195
0.001955805
0.001676398
0.001117605
0.0008382
0.0012573
0.00195579
0.001816108
0.001117598
0.0008382
0.0006985
0.0022352
0.0025146
0.0020955
0.001117603
0.001396995
0.0016764
0.001397003
0.000977903
0.002514597
0.001397003
0.002235195
0.001816103
0.0020955
0.0018161
0.0016764
0.002374897
0.0020955
0.001816103
0.001955803
0.001117597
0.002793997
0.001397003
0.0020955
0.0018161
0.0012573
0.001536697
0.001117605
0.002374897
0.0015367
0.0016764
0.0016764
0.0022352
0.001117603
0.002235197
0.0016764
0.0015367
0.0015367
0.0008382
0.0009779
0.0015367
0.0016764
0.001397003
0.001257297
0.0006985
0.0002794
0.000558801
0.001397
0.0016764
0.001117601
0.000977899
0.0009779
0.0009779
0.0009779
0.001117599
0.000698501
0.000977901
0.000977899
0.000419101
0.0002794
0.0001397
0.0005588
0
-0.000139701
0.000139701
0.0006985
0.001676399
0.0019558
0.0019558
0.0018161
0.0009779
0.0016764
0.0019558
0.0019558
0.0012573
0.0002794
0.0011176
0.0006985
0.0005588
0.0008382
0.001676399
0.0011176
0.001257301
0.001117599
0.0018161
0.001955801
0.001397
0.0008382
0
0
0
0
0
0
0
0
0.001117599
0.0008382
0.001257301
0.0020955
0.0009779
0.0006985
0.001955797
0.000838205
0.001117597
0.001676397
0.001117603
0.001397
0.0008382
0.001397
0.0018161
0.0012573
0.001397
0.0012573
0.0015367
0.001396997
0.001955803
0.0016764
0.001397
0.001536697
0.001536705
0.0008382
0.001816095
0.0012573
0.001117603
0.000558803
0.001117597
0.0012573
0.001536697
0.001536703
0.0012573
0.001396997
0.000838205
0.001955797
0.002235203
0.001257297
0.0011176
0.0018161
0.001117597
0.0012573
0.002374905
0.001955797
0.001676397
0.001117605
0.0020955
0.001536697
0.001397
0.0016764
0.001816103
0.001536697
0.002235203
0.002235195
0.001816108
0.001816095
0.0016764
0.0008382
0.0008382
0.000558795
0.000977908
0.001117592
0.000698503
0.000977897
0.001536703
0.001396997
0.001536703
0.001117602
0.000558798
0.001117603
0.000558798
0.0004191
0.000698502
0.000698505
0.00027939
0.00013971
0.000139695
0.000139695
0.000279405
0
0
0
0.0004191
0.0004191
0.000977895
0.0008382
0.000558808
0.0008382
0.001396998
0.001117603
0.001117592
0.0008382
0.0004191
0.000977908
0.000977895
0.001117603
0.000977898
0.000698502
0.000698505
0.001117592
0.001257297
0.00097791
0.000139695
0.000139695
0.00013971
0.000419097
0.000279392
0.000279405
0.000279402
0.000279392
0
0.000139708
0.000139697
0
0.000139695
0
0.000279405
0
0
0
0.000558795
0.000977908
0.0012573
0.000698492
0.000977908
0.0012573
0.000977895
0.001396995
0.000977908
0.0012573
0.000977898
0.001117603
0.0008382
0.000977895
0.0008382
0.0008382
0.000558808
0.000558797
0.000698503
0.000558797
0.0004191
0.0004191
0.000279402
0.0004191
0.0004191
0
0
-0.000279402
-0.000977897
-0.0012573
-0.000977908
-0.001117592
-0.001257297
-0.0012573
-0.0012573
-0.001117605
-0.001396995
-0.000838213
-0.00069849
-0.0008382
-0.001397008
-0.001536692
-0.002235208
-0.002374892
-0.001536703
-0.001816095
-0.001117605
-0.0020955
-0.001955802
-0.000977895
-0.0004191
-0.001397008
-0.001816097
-0.001816095
-0.002235208
-0.000977895
-0.0016764
-0.001396995
-0.0016764
-0.0012573
-0.001536703
-0.0012573
-0.0008382
-0.0012573
-0.001397008
-0.001816095
-0.000558798
-0.000139708
-0.000977895
-0.0008382
-0.000558798
-0.000139708
-0.000279392
-0.000279402
-0.000139698
0
-0.000139708
-0.000139695
-0.000279405
0.00013971
-0.0004191
-0.00013971
0
-0.000139695
-0.000139695
-0.00013971
0
0
